109 
H
Hydrogen
 2 
 1.007825      99.985 
 2.014         0.015 
He
Helium
 2 
 4.0026        99.99987 
 3.01603       0.00013 
Li
Lithium
 2 
 7.016         92.5 
 6.01512       7.5 
Be
Beriyllum
 1 
 9.0122        100 
B
Boron
 2 
 11.00931      80 
 10.0129       20 
C
Carbon
 2 
 12            98.9 
 13.00335      1.1 
N
Nitrogen
 2 
 14.00307      99.64 
 15.00011      0.36 
O
Oxygen
 3 
 15.99491      99.76 
 17.99916      0.2 
 16.999131     0.04 
F
Fluorine
 1 
 18.9984       100 
Ne
Neon
 3 
 19.99244      90.51 
 21.99138      9.22 
 20.99395      0.27 
Na
Sodium
 1 
 22.9898       100 
Mg
Magnesium
 3 
 23.98504      78.99 
 25.98259      11.01 
 24.98584      10 
Al
Aluminum
 1 
 26.98153      100 
Si
Silicon
 3 
 27.97693      92.23 
 28.97649      4.67 
 29.97376      3.1 
P
Phosphorus
 1 
 30.97376      100 
S
Sulfur
 4 
 31.97207      95 
 33.96786      4.22 
 32.97146      0.76 
 35.96709      0.02 
Cl
Chlorine
 2 
 34.96885      75.77 
 36.99999      24.23 
Ar
Argon
 3 
 39.96999      99.59 
 35.96755      0.34 
 37.96272      0.07 
K
Potassium
 3 
 38.96371      93.2581 
 40.961825     6.7302 
 39.963999     0.012 
Ca
Calcium
 6 
 39.962591     96.941 
 43.95548      2.086 
 41.958618     0.647 
 47.952533     0.187 
 42.958766     0.135 
 45.953689     0.004 
Sc
Scandium
 1 
 44.959404     100 
Ti
Titanium
 5 
 47.947947     73.8 
 45.952629     8 
 46.951764     7.3 
 48.947871     5.5 
 49.944792     5.4 
V
Vanadium
 2 
 50.943962     99.75 
 49.947161     0.25 
Cr
Chromium
 4 
 51.940509     83.79 
 52.940651     9.5 
 49.946046     4.35 
 53.938882     2.36 
Mn
Manganese
 1 
 54.938047     100 
Fe
Iron
 4 
 55.934939     91.8 
 53.939612     5.82 
 56.935396     2.1 
 57.933277     0.28 
Co
Cobalt
 1 
 58.933198     100 
Ni
Nickle
 5 
 57.935346     68.27 
 59.930788     26.1 
 61.928346     3.59 
 60.931058     1.13 
 63.927968     0.91 
Cu
Copper
 2 
 62.939598     69.17 
 64.927793     30.83 
Zn
Zinc
 5 
 63.929145     48.6 
 65.926034     27.9 
 67.924846     18.8 
 66.927129     4.1 
 69.925325     0.6 
Ga
Gallium
 2 
 68.92558      60.11 
 70.9247       39.89 
Ge
Germanium
 5 
 73.921177     36.5 
 71.922079     27.4 
 69.92425      20.5 
 72.923463     7.8 
 75.921401     7.8 
As
Arsenic
 1 
 74.921594     100 
Se
Selenium
 6 
 79.91652      49.8 
 77.919        23.7 
 75.919212     9.2 
 81.916698     8.8 
 76.919912     7.6 
 73.922475     0.9 
Br
Bromine
 2 
 78.918336     50.69 
 80.916289     49.31 
Kr
Krypton
 6 
 83.911507     57 
 85.910616     17.3 
 81.913482     11.6 
 82.914135     11.5 
 79.91638      2.25 
 77.92         0.35 
Rb
Rubidium
 2 
 84.911794     72.17 
 86.909187     27.83 
Sr
Strontium
 4 
 87.905619     82.58 
 85.909267     9.86 
 86.908884     7 
 83.91343      0.56 
Y
Yttrium
 1 
 88.905849     100 
Zr
Zirconium
 5 
 89.904703     51.45 
 93.906314     17.38 
 91.905039     17.15 
 90.905644     11.22 
 95.908275     2.8 
Nb
Niobium
 1 
 92.906377     100 
Mo
Molybdenum
 7 
 97.905406     24.13 
 95.904678     16.68 
 94.90584      15.92 
 91.906808     14.84 
 99.907477     9.63 
 96.90602      9.55 
 93.905085     9.25 
Tc
Technetium
 1 
 98.9062       100 
Ru
Ruthenium
 7 
 101.904348    31.6 
 103.905424    18.6 
 100.905582    17.1 
 98.905939     12.7 
 99.904219     12.6 
 95.907599     5.53 
 97.905287     1.87 
Rh
Rhodium
 1 
 102.9055      100 
Pd
Palladium
 6 
 105.903478    27.33 
 107.903895    26.46 
 104.905079    22.33 
 109.905167    11.72 
 103.904029    11.14 
 101.905634    1.02 
Ag
Silver
 2 
 106.905092    51.84 
 108.904757    48.16 
Cd
Cadmium
 8 
 113.903357    28.73 
 111.902758    24.13 
 110.904182    12.8 
 109.903005    12.49 
 112.9044      12.22 
 115.904754    7.49 
 105.906461    1.25 
 107.904176    0.89 
In
Indium
 2 
 114.90388     95.7 
 112.904061    4.3 
Sn
Tin
 10 
 119.9022      32.59 
 117.901609    24.22 
 115.901747    14.53 
 118.90331     8.58 
 116.902956    7.68 
 123.905274    5.79 
 121.90344     4.63 
 111.904826    0.97 
 113.902784    0.65 
 114.903348    0.36 
Sb
Antimony
 2 
 120.903821    57.3 
 122.904216    42.7 
Te
Tellurium
 8 
 129.906229    33.97 
 127.904463    31.73 
 125.903314    18.89 
 124.904433    7.1 
 123.902823    4.76 
 121.903054    2.57 
 122.904271    0.89 
 119.904048    0.009 
I
Iodine
 1 
 126.904473    100 
Xe
Xenon
 9 
 131.904144    26.9 
 128.90478     26.4 
 130.905072    21.2 
 133.905395    10.4 
 135.907214    8.9 
 129.903509    4.1 
 127.903531    1.91 
 123.905894    0.1 
 125.904281    0.09 
Cs
Cesium
 1 
 132.9051      100 
Ba
Barium
 7 
 137.905232    71.7 
 136.905812    11.23 
 135.904553    7.85 
 134.905665    6.59 
 133.904486    2.42 
 129.906282    0.11 
 131.905042    0.1 
La
Lanthium
 2 
 138.906346    99.91 
 137.907105    0.09 
Ce
Cerium
 4 
 139.905433    88.48 
 141.909241    11.08 
 137.905985    0.25 
 135.90714     0.19 
Pr
Praseodymium
 1 
 140.907647    100 
Nd
Neodymium
 7 
 141.907719    27.13 
 143.910083    23.8 
 145.913113    17.19 
 142.90981     12.18 
 144.91257     8.3 
 147.916889    5.76 
 149.920887    5.64 
Pm
Promethium
 1 
 147           100 
Sm
Samarium
 7 
 151.919729    26.7 
 153.922206    22.7 
 146.914895    15 
 148.917181    13.8 
 147.91482     11.3 
 149.917273    7.4 
 143.911998    3.1 
Eu
Europium
 2 
 152.921225    52.2 
 150.919847    47.8 
Gd
Gadolinium
 7 
 157.924099    24.84 
 159.927049    21.86 
 155.922118    20.47 
 156.923956    15.65 
 154.922618    14.8 
 153.920861    2.18 
 151.919786    0.2 
Tb
Terbium
 1 
 158.925342    100 
Dy
Dysprosium
 7 
 163.929171    28.2 
 161.926795    25.5 
 162.928728    24.9 
 160.92693     18.9 
 159.925193    2.34 
 157.924403    0.1 
 155.925277    0.06 
Ho
Holmium
 1 
 164.930319    100 
Er
Erbium
 6 
 165.93029     33.6 
 167.932368    26.8 
 166.932046    22.95 
 169.935461    14.9 
 163.929198    1.61 
 161.928775    0.14 
Tm
Thulium
 1 
 168.934212    100 
Yb
Ytterbium
 6 
 173.938859    31.8 
 171.936387    21.9 
 172.938208    16.12 
 170.936323    14.3 
 175.942564    12.7 
 169.934759    3.05 
Lu
Lutetium
 2 
 174.94077     97.41 
 175.942679    2.59 
Hf
Hafnium
 6 
 179.946545    35.1 
 177.943696    27.3 
 176.943217    18.6 
 178.945812    13.63 
 175.941406    5.21 
 173.94004     0.16 
Ta
Tantalum
 2 
 180.947992    99.998 
 179.947462    0.012 
W
Tungsten
 5 
 183.950928    30.7 
 185.954357    28.6 
 181.948202    26.3 
 182.95022     14.28 
 179.946701    0.12 
Re
Rhenium
 2 
 186.955744    62.6 
 184.952951    37.4 
Os
Osmium
 7 
 191.961467    41 
 189.958436    26.4 
 188.958137    16.1 
 187.95586     13.3 
 186.955741    1.6 
 185.95383     1.58 
 183.952488    0.02 
Ir
Iridium
 2 
 192.962917    62.7 
 190.960584    37.3 
Pt
Platinum
 6 
 194.964766    33.8 
 193.962655    32.9 
 195.964926    25.3 
 197.967869    7.2 
 191.961019    0.79 
 189.959917    0.01 
Au
Gold
 1 
 196.966543    100 
Hg
Mercury
 7 
 201.970617    29.65 
 199.9683      23.1 
 198.968254    17 
 200.970277    13.2 
 197.966743    10.1 
 203.973467    6.85 
 195.965807    0.15 
Tl
Thallium
 2 
 204.974401    70.48 
 202.97232     29.52 
Pb
Lead
 4 
 207.976627    52.4 
 205.97444     24.1 
 206.975872    22.1 
 203.97302     1.4 
Bi
Bismuth
 1 
 208.980374    100 
Po
Polonium
 1 
 210           100 
At
Astatine
 1 
 210           100 
Rn
Radon
 1 
 222           100 
Fr
Francium
 1 
 223           100 
Ra
Radium
 1 
 226           100 
Ac
Actinium
 1 
 226           100 
Th
Thorium
 1 
 232.038054    100 
Pa
Protactinium
 1 
 231           100 
U
Uranium
 2 
 238.050784    99.2745 
 235.043924    0.72 
Np
Neptunium
 1 
 237           100 
Pu
Plutonium
 1 
 242           100 
Am
Americium
 1 
 243           100 
Cm
Curium
 1 
 247           100 
Bk
Berkelium
 1 
 247           100 
Cf
Californium
 1 
 249           100 
Es
Einsteinium
 1 
 254           100 
Fm
Fermium
 1 
 253           100 
Md
Mendelevium
 1 
 256           100 
No
Nobelium
 1 
 254           100 
Lr
Lawrencium
 1 
 257           100 
Rf
Rutherfordium
 1 
 257           100 
Db
Dubnium
 1 
 260           100 
Sg
Seaborgium
 1 
 263           100 
Bh
Bohrium
1 
262           100 
Hs
Hassium
 1 
 265           100 
Mt
Mietnerium
 1 
 266           100 
